feed,title,long_url,short_url
r/NetSec,"What’s better than Brim and Zeek? Brim, Zeek and Suricata!",https://redd.it/ki6ioq,
